{
 "cells": [
  {
   "cell_type": "code",
   "execution_count": 62,
   "metadata": {},
   "outputs": [],
   "source": [
    "import numpy as np"
   ]
  },
  {
   "cell_type": "code",
   "execution_count": 4,
   "metadata": {},
   "outputs": [
    {
     "name": "stdout",
     "output_type": "stream",
     "text": [
      "1.15.4\n",
      "blas_mkl_info:\n",
      "  NOT AVAILABLE\n",
      "blis_info:\n",
      "  NOT AVAILABLE\n",
      "openblas_info:\n",
      "    library_dirs = ['C:\\\\projects\\\\numpy-wheels\\\\numpy\\\\build\\\\openblas']\n",
      "    libraries = ['openblas']\n",
      "    language = f77\n",
      "    define_macros = [('HAVE_CBLAS', None)]\n",
      "blas_opt_info:\n",
      "    library_dirs = ['C:\\\\projects\\\\numpy-wheels\\\\numpy\\\\build\\\\openblas']\n",
      "    libraries = ['openblas']\n",
      "    language = f77\n",
      "    define_macros = [('HAVE_CBLAS', None)]\n",
      "lapack_mkl_info:\n",
      "  NOT AVAILABLE\n",
      "openblas_lapack_info:\n",
      "    library_dirs = ['C:\\\\projects\\\\numpy-wheels\\\\numpy\\\\build\\\\openblas']\n",
      "    libraries = ['openblas']\n",
      "    language = f77\n",
      "    define_macros = [('HAVE_CBLAS', None)]\n",
      "lapack_opt_info:\n",
      "    library_dirs = ['C:\\\\projects\\\\numpy-wheels\\\\numpy\\\\build\\\\openblas']\n",
      "    libraries = ['openblas']\n",
      "    language = f77\n",
      "    define_macros = [('HAVE_CBLAS', None)]\n"
     ]
    }
   ],
   "source": [
    "print(np.__version__)\n",
    "np.show_config()"
   ]
  },
  {
   "cell_type": "code",
   "execution_count": 7,
   "metadata": {},
   "outputs": [
    {
     "name": "stdout",
     "output_type": "stream",
     "text": [
      "[0. 0. 0. 0. 0. 0. 0. 0. 0. 0.]\n"
     ]
    }
   ],
   "source": [
    "z = np.zeros(10)\n",
    "print(z)"
   ]
  },
  {
   "cell_type": "code",
   "execution_count": 9,
   "metadata": {},
   "outputs": [
    {
     "name": "stdout",
     "output_type": "stream",
     "text": [
      "80 bytes\n"
     ]
    }
   ],
   "source": [
    "z = np.zeros(10)\n",
    "print(\"%d bytes\" % (z.size * z.itemsize))"
   ]
  },
  {
   "cell_type": "code",
   "execution_count": 11,
   "metadata": {},
   "outputs": [],
   "source": [
    "np.info(np.add)\n",
    "#np.add?  #此方法更为详细"
   ]
  },
  {
   "cell_type": "code",
   "execution_count": 12,
   "metadata": {},
   "outputs": [
    {
     "name": "stdout",
     "output_type": "stream",
     "text": [
      "[0. 0. 0. 0. 1. 0. 0. 0. 0. 0.]\n"
     ]
    }
   ],
   "source": [
    "z = np.zeros(10)\n",
    "z[4] = 1\n",
    "print(z)"
   ]
  },
  {
   "cell_type": "code",
   "execution_count": 15,
   "metadata": {},
   "outputs": [
    {
     "name": "stdout",
     "output_type": "stream",
     "text": [
      "[10 11 12 13 14 15 16 17 18 19 20 21 22 23 24 25 26 27 28 29 30 31 32 33\n",
      " 34 35 36 37 38 39 40 41 42 43 44 45 46 47 48 49]\n"
     ]
    }
   ],
   "source": [
    "z = np.arange(10, 50)\n",
    "print(z)"
   ]
  },
  {
   "cell_type": "code",
   "execution_count": 16,
   "metadata": {},
   "outputs": [
    {
     "name": "stdout",
     "output_type": "stream",
     "text": [
      "[49 48 47 46 45 44 43 42 41 40 39 38 37 36 35 34 33 32 31 30 29 28 27 26\n",
      " 25 24 23 22 21 20 19 18 17 16 15 14 13 12 11 10]\n"
     ]
    }
   ],
   "source": [
    "t = z[::-1]\n",
    "print(t)"
   ]
  },
  {
   "cell_type": "code",
   "execution_count": 19,
   "metadata": {},
   "outputs": [
    {
     "name": "stdout",
     "output_type": "stream",
     "text": [
      "[[0 1 2]\n",
      " [3 4 5]\n",
      " [6 7 8]]\n"
     ]
    }
   ],
   "source": [
    "z = np.arange(0,9).reshape(3, 3)\n",
    "print(z)"
   ]
  },
  {
   "cell_type": "code",
   "execution_count": 21,
   "metadata": {},
   "outputs": [
    {
     "name": "stdout",
     "output_type": "stream",
     "text": [
      "(array([0, 1, 4], dtype=int32),)\n"
     ]
    }
   ],
   "source": [
    "z = np.nonzero([1,2,0,0,4,0]) #输出非0项的索引\n",
    "print(z)"
   ]
  },
  {
   "cell_type": "code",
   "execution_count": 22,
   "metadata": {},
   "outputs": [
    {
     "name": "stdout",
     "output_type": "stream",
     "text": [
      "[[1. 0. 0.]\n",
      " [0. 1. 0.]\n",
      " [0. 0. 1.]]\n"
     ]
    }
   ],
   "source": [
    "z = np.eye(3)\n",
    "print(z)"
   ]
  },
  {
   "cell_type": "code",
   "execution_count": 23,
   "metadata": {},
   "outputs": [
    {
     "name": "stdout",
     "output_type": "stream",
     "text": [
      "[[[0.7260796  0.94433141 0.74169035]\n",
      "  [0.79273233 0.00102632 0.95909786]\n",
      "  [0.62714641 0.26874091 0.67448462]]\n",
      "\n",
      " [[0.67981059 0.69140732 0.16410831]\n",
      "  [0.55006398 0.99701529 0.97364168]\n",
      "  [0.79374803 0.90119634 0.44902807]]\n",
      "\n",
      " [[0.76597853 0.59900173 0.10068678]\n",
      "  [0.85454102 0.07512231 0.91865438]\n",
      "  [0.74861578 0.01876505 0.89835817]]]\n"
     ]
    }
   ],
   "source": [
    "z = np.random.random((3,3,3))\n",
    "print(z)"
   ]
  },
  {
   "cell_type": "code",
   "execution_count": 26,
   "metadata": {},
   "outputs": [
    {
     "name": "stdout",
     "output_type": "stream",
     "text": [
      "0.0077065225626320455 0.976363958964547\n"
     ]
    }
   ],
   "source": [
    "z = np.random.random((10, 10))\n",
    "zMin = z.min()\n",
    "zMax = z.max() #zMin, zMax = z.min(), z.max()\n",
    "print(zMin, zMax)"
   ]
  },
  {
   "cell_type": "code",
   "execution_count": 29,
   "metadata": {},
   "outputs": [
    {
     "name": "stdout",
     "output_type": "stream",
     "text": [
      "0.5514639947795191\n"
     ]
    }
   ],
   "source": [
    "z = np.random.random(30)\n",
    "zMean = z.mean()\n",
    "print(zMean)"
   ]
  },
  {
   "cell_type": "code",
   "execution_count": 32,
   "metadata": {},
   "outputs": [
    {
     "name": "stdout",
     "output_type": "stream",
     "text": [
      "[[1. 1. 1. 1. 1. 1. 1. 1. 1. 1.]\n",
      " [1. 0. 0. 0. 0. 0. 0. 0. 0. 1.]\n",
      " [1. 0. 0. 0. 0. 0. 0. 0. 0. 1.]\n",
      " [1. 0. 0. 0. 0. 0. 0. 0. 0. 1.]\n",
      " [1. 0. 0. 0. 0. 0. 0. 0. 0. 1.]\n",
      " [1. 0. 0. 0. 0. 0. 0. 0. 0. 1.]\n",
      " [1. 0. 0. 0. 0. 0. 0. 0. 0. 1.]\n",
      " [1. 0. 0. 0. 0. 0. 0. 0. 0. 1.]\n",
      " [1. 0. 0. 0. 0. 0. 0. 0. 0. 1.]\n",
      " [1. 1. 1. 1. 1. 1. 1. 1. 1. 1.]]\n"
     ]
    }
   ],
   "source": [
    "z = np.ones((10, 10))\n",
    "z[1:-1, 1:-1] = 0\n",
    "print(z)"
   ]
  },
  {
   "cell_type": "code",
   "execution_count": 34,
   "metadata": {},
   "outputs": [
    {
     "name": "stdout",
     "output_type": "stream",
     "text": [
      "[[0. 0. 0. 0. 0. 0. 0.]\n",
      " [0. 1. 1. 1. 1. 1. 0.]\n",
      " [0. 1. 1. 1. 1. 1. 0.]\n",
      " [0. 1. 1. 1. 1. 1. 0.]\n",
      " [0. 1. 1. 1. 1. 1. 0.]\n",
      " [0. 1. 1. 1. 1. 1. 0.]\n",
      " [0. 0. 0. 0. 0. 0. 0.]]\n"
     ]
    }
   ],
   "source": [
    "z = np.ones((5, 5))\n",
    "z = np.pad(z, pad_width=1, mode=\"constant\", constant_values=0)\n",
    "print(z)"
   ]
  },
  {
   "cell_type": "code",
   "execution_count": 40,
   "metadata": {},
   "outputs": [
    {
     "name": "stdout",
     "output_type": "stream",
     "text": [
      "nan\n",
      "False\n",
      "False\n",
      "nan\n",
      "False\n"
     ]
    }
   ],
   "source": [
    "# np.nan是not a number ;np.inf是无穷大\n",
    "print(0*np.nan) #nan\n",
    "print(np.nan==np.nan) #False\n",
    "print(np.inf>np.nan) #False 无穷大比任何数字都要大，但是无法和nan作比较\n",
    "print(np.nan-np.nan) #nan\n",
    "print(0.3==3*0.1) #False 3*0.1=0.30000...0004 "
   ]
  },
  {
   "cell_type": "code",
   "execution_count": 41,
   "metadata": {},
   "outputs": [
    {
     "name": "stdout",
     "output_type": "stream",
     "text": [
      "[[0 0 0 0 0]\n",
      " [1 0 0 0 0]\n",
      " [0 2 0 0 0]\n",
      " [0 0 3 0 0]\n",
      " [0 0 0 4 0]]\n"
     ]
    }
   ],
   "source": [
    "Z = np.diag(1+np.arange(4),k=-1) #返回对角线或者创建特殊对角线的数组\n",
    "print(Z)"
   ]
  },
  {
   "cell_type": "code",
   "execution_count": 43,
   "metadata": {},
   "outputs": [
    {
     "name": "stdout",
     "output_type": "stream",
     "text": [
      "[[0 1 0 1 0 1 0 1]\n",
      " [1 0 1 0 1 0 1 0]\n",
      " [0 1 0 1 0 1 0 1]\n",
      " [1 0 1 0 1 0 1 0]\n",
      " [0 1 0 1 0 1 0 1]\n",
      " [1 0 1 0 1 0 1 0]\n",
      " [0 1 0 1 0 1 0 1]\n",
      " [1 0 1 0 1 0 1 0]]\n"
     ]
    }
   ],
   "source": [
    "Z= np.zeros((8,8),dtype=int)\n",
    "Z[1::2,::2] = 1\n",
    "Z[::2,1::2] = 1\n",
    "print(Z)"
   ]
  },
  {
   "cell_type": "code",
   "execution_count": 44,
   "metadata": {},
   "outputs": [
    {
     "name": "stdout",
     "output_type": "stream",
     "text": [
      "(1, 5, 4)\n"
     ]
    }
   ],
   "source": [
    "print(np.unravel_index(100,(6,7,8))) #numpy.unravel_index(indices, shape, order='C') 参数分别为索引值，形状，顺序"
   ]
  },
  {
   "cell_type": "code",
   "execution_count": 45,
   "metadata": {},
   "outputs": [
    {
     "name": "stdout",
     "output_type": "stream",
     "text": [
      "[[0 1 0 1 0 1 0 1]\n",
      " [1 0 1 0 1 0 1 0]\n",
      " [0 1 0 1 0 1 0 1]\n",
      " [1 0 1 0 1 0 1 0]\n",
      " [0 1 0 1 0 1 0 1]\n",
      " [1 0 1 0 1 0 1 0]\n",
      " [0 1 0 1 0 1 0 1]\n",
      " [1 0 1 0 1 0 1 0]]\n"
     ]
    }
   ],
   "source": [
    "Z = np.tile( np.array([[0,1],[1,0]]), (4,4)) #np.tile对数组进行复制\n",
    "print(Z)"
   ]
  },
  {
   "cell_type": "code",
   "execution_count": 47,
   "metadata": {},
   "outputs": [
    {
     "name": "stdout",
     "output_type": "stream",
     "text": [
      "[[0.9067592  0.48413639 0.45243827 0.2191895  0.53932361]\n",
      " [0.42290844 0.6623156  0.08171434 0.69380829 0.45218787]\n",
      " [0.44949842 0.7656212  0.90277928 1.         0.43493289]\n",
      " [0.37720362 0.69132949 0.21994115 0.91446729 0.72249275]\n",
      " [0.46981986 0.         0.12788354 0.88945253 0.71813027]]\n"
     ]
    }
   ],
   "source": [
    "z = np.random.random((5, 5))\n",
    "z_max, z_min = z.max(), z.min()\n",
    "z = (z-z_min)/(z_max-z_min)\n",
    "print(z)"
   ]
  },
  {
   "cell_type": "code",
   "execution_count": 48,
   "metadata": {},
   "outputs": [
    {
     "data": {
      "text/plain": [
       "dtype([('r', 'u1'), ('g', 'u1'), ('b', 'u1'), ('a', 'u1')])"
      ]
     },
     "execution_count": 48,
     "metadata": {},
     "output_type": "execute_result"
    }
   ],
   "source": [
    "color = np.dtype([(\"r\", np.ubyte, 1),\n",
    "                  (\"g\", np.ubyte, 1),\n",
    "                  (\"b\", np.ubyte, 1),\n",
    "                  (\"a\", np.ubyte, 1)])\n",
    "color"
   ]
  },
  {
   "cell_type": "code",
   "execution_count": 49,
   "metadata": {},
   "outputs": [
    {
     "name": "stdout",
     "output_type": "stream",
     "text": [
      "[[3. 3.]\n",
      " [3. 3.]\n",
      " [3. 3.]\n",
      " [3. 3.]\n",
      " [3. 3.]]\n"
     ]
    }
   ],
   "source": [
    "Z = np.dot(np.ones((5,3)), np.ones((3,2))) #np.dot计算矩阵乘积\n",
    "print(Z)"
   ]
  },
  {
   "cell_type": "code",
   "execution_count": 59,
   "metadata": {},
   "outputs": [
    {
     "name": "stdout",
     "output_type": "stream",
     "text": [
      "[ 0  1  2  3 -4 -5 -6 -7 -8  9]\n"
     ]
    }
   ],
   "source": [
    "z = np.arange(10)\n",
    "z[(z>3) &(z<=8)] *= -1\n",
    "print(z)"
   ]
  },
  {
   "cell_type": "code",
   "execution_count": 63,
   "metadata": {},
   "outputs": [
    {
     "name": "stdout",
     "output_type": "stream",
     "text": [
      "10\n",
      "10\n"
     ]
    }
   ],
   "source": [
    "print(sum(range(5),-1)) #python sum(iterabel [, start])\n",
    "print(np.sum(range(5),-1)) #numpy.sum(a, axis=None, dtype=None, out=None, keepdims=<no value>, initial=<no value>)"
   ]
  },
  {
   "cell_type": "code",
   "execution_count": 76,
   "metadata": {},
   "outputs": [
    {
     "ename": "ValueError",
     "evalue": "The truth value of an array with more than one element is ambiguous. Use a.any() or a.all()",
     "output_type": "error",
     "traceback": [
      "\u001b[1;31m---------------------------------------------------------------------------\u001b[0m",
      "\u001b[1;31mValueError\u001b[0m                                Traceback (most recent call last)",
      "\u001b[1;32m<ipython-input-76-c9fb73ce6328>\u001b[0m in \u001b[0;36m<module>\u001b[1;34m\u001b[0m\n\u001b[0;32m      5\u001b[0m \u001b[1;31m# 1j*Z\u001b[0m\u001b[1;33m\u001b[0m\u001b[1;33m\u001b[0m\u001b[0m\n\u001b[0;32m      6\u001b[0m \u001b[1;31m# Z/1/1\u001b[0m\u001b[1;33m\u001b[0m\u001b[1;33m\u001b[0m\u001b[0m\n\u001b[1;32m----> 7\u001b[1;33m \u001b[0mZ\u001b[0m\u001b[1;33m<\u001b[0m\u001b[0mZ\u001b[0m\u001b[1;33m>\u001b[0m\u001b[0mZ\u001b[0m \u001b[1;31m#wrong\u001b[0m\u001b[1;33m\u001b[0m\u001b[0m\n\u001b[0m",
      "\u001b[1;31mValueError\u001b[0m: The truth value of an array with more than one element is ambiguous. Use a.any() or a.all()"
     ]
    }
   ],
   "source": [
    "Z = np.arange(5)\n",
    "#Z**Z  #[Z[0]**Z[0], Z[1]**Z[1], Z[2]**Z[2], Z[3]**Z[3], ...]\n",
    "2 << Z >> 2\n",
    "# Z <- Z\n",
    "# 1j*Z\n",
    "# Z/1/1\n",
    "# Z<Z>Z #wrong"
   ]
  },
  {
   "cell_type": "code",
   "execution_count": 80,
   "metadata": {},
   "outputs": [
    {
     "name": "stdout",
     "output_type": "stream",
     "text": [
      "nan\n",
      "0\n",
      "[-2.14748365e+09]\n"
     ]
    },
    {
     "name": "stderr",
     "output_type": "stream",
     "text": [
      "c:\\users\\administrator\\appdata\\local\\programs\\python\\python36-32\\lib\\site-packages\\ipykernel_launcher.py:1: RuntimeWarning: invalid value encountered in true_divide\n",
      "  \"\"\"Entry point for launching an IPython kernel.\n",
      "c:\\users\\administrator\\appdata\\local\\programs\\python\\python36-32\\lib\\site-packages\\ipykernel_launcher.py:2: RuntimeWarning: divide by zero encountered in floor_divide\n",
      "  \n"
     ]
    }
   ],
   "source": [
    "print(np.array(0) / np.array(0))\n",
    "print(np.array(0) // np.array(0))\n",
    "print(np.array([np.nan]).astype(int).astype(float))"
   ]
  },
  {
   "cell_type": "code",
   "execution_count": 82,
   "metadata": {},
   "outputs": [
    {
     "name": "stdout",
     "output_type": "stream",
     "text": [
      "[ 3.47414426  9.71672037  9.9441949   2.27679301 -2.17053637  0.64719558\n",
      "  0.60766217  4.12312464 -1.9372399  -2.20219694]\n",
      "[ 4. 10. 10.  3. -3.  1.  1.  5. -2. -3.]\n"
     ]
    }
   ],
   "source": [
    "Z = np.random.uniform(-10,+10,10) #从均匀分布(概率分布为一条直线)中抽取样本，下限-10上限10\n",
    "print (np.copysign(np.ceil(np.abs(Z)), Z)) #np.copysign改变符号值(把Z中符号值赋给前面的数组)np.ceil取上限np.abs绝对值"
   ]
  },
  {
   "cell_type": "code",
   "execution_count": 84,
   "metadata": {},
   "outputs": [
    {
     "name": "stdout",
     "output_type": "stream",
     "text": [
      "[3 5 2 5 5 1 9 3 4 2] [4 8 4 7 1 5 5 8 0 4]\n",
      "[1 4 5]\n"
     ]
    }
   ],
   "source": [
    "Z1 = np.random.randint(0,10,10)\n",
    "Z2 = np.random.randint(0,10,10)\n",
    "print(Z1, Z2)\n",
    "print(np.intersect1d(Z1,Z2)) #np.intersect1d找出两个数组的交集"
   ]
  },
  {
   "cell_type": "code",
   "execution_count": 89,
   "metadata": {},
   "outputs": [],
   "source": [
    "# Suicide mode on\n",
    "defaults = np.seterr(all=\"ignore\")\n",
    "Z = np.ones(1) / 0\n",
    "\n",
    "# Back to sanity\n",
    "_ = np.seterr(**defaults)\n",
    "\n",
    "# #An equivalent way, with a context manager:\n",
    "\n",
    "with np.errstate(divide='ignore'):#忽略Numpy所有的警告\n",
    "    Z = np.ones(1) / 0"
   ]
  },
  {
   "cell_type": "code",
   "execution_count": 91,
   "metadata": {},
   "outputs": [
    {
     "name": "stdout",
     "output_type": "stream",
     "text": [
      "False\n",
      "nan\n",
      "1j\n"
     ]
    }
   ],
   "source": [
    "print(np.sqrt(-1) == np.emath.sqrt(-1))\n",
    "print(np.sqrt(-1))\n",
    "print(np.emath.sqrt(-1))"
   ]
  },
  {
   "cell_type": "code",
   "execution_count": 92,
   "metadata": {},
   "outputs": [
    {
     "name": "stdout",
     "output_type": "stream",
     "text": [
      "Yesterday is 2019-06-22\n",
      "Today is 2019-06-23\n",
      "Tomorrow is 2019-06-24\n"
     ]
    }
   ],
   "source": [
    "yesterday = np.datetime64('today', 'D') - np.timedelta64(1, 'D')\n",
    "today     = np.datetime64('today', 'D')\n",
    "tomorrow  = np.datetime64('today', 'D') + np.timedelta64(1, 'D')\n",
    "print (\"Yesterday is \" + str(yesterday))\n",
    "print (\"Today is \" + str(today))\n",
    "print (\"Tomorrow is \"+ str(tomorrow))"
   ]
  },
  {
   "cell_type": "code",
   "execution_count": 93,
   "metadata": {},
   "outputs": [
    {
     "name": "stdout",
     "output_type": "stream",
     "text": [
      "['2016-07-01' '2016-07-02' '2016-07-03' '2016-07-04' '2016-07-05'\n",
      " '2016-07-06' '2016-07-07' '2016-07-08' '2016-07-09' '2016-07-10'\n",
      " '2016-07-11' '2016-07-12' '2016-07-13' '2016-07-14' '2016-07-15'\n",
      " '2016-07-16' '2016-07-17' '2016-07-18' '2016-07-19' '2016-07-20'\n",
      " '2016-07-21' '2016-07-22' '2016-07-23' '2016-07-24' '2016-07-25'\n",
      " '2016-07-26' '2016-07-27' '2016-07-28' '2016-07-29' '2016-07-30'\n",
      " '2016-07-31']\n"
     ]
    }
   ],
   "source": [
    "Z = np.arange('2016-07', '2016-08', dtype='datetime64[D]')\n",
    "print(Z)"
   ]
  },
  {
   "cell_type": "code",
   "execution_count": 95,
   "metadata": {},
   "outputs": [
    {
     "name": "stdout",
     "output_type": "stream",
     "text": [
      "[3. 3. 3.]\n",
      "[0.5 0.5 0.5]\n",
      "[-0.5 -0.5 -0.5]\n",
      "[-1.5 -1.5 -1.5]\n"
     ]
    }
   ],
   "source": [
    "A = np.ones(3)*1\n",
    "B = np.ones(3)*2\n",
    "C = np.ones(3)*3\n",
    "print(np.add(A,B,out=B)) #out为结果的储存位置\n",
    "print(np.divide(A,2,out=A))\n",
    "print(np.negative(A,out=A))\n",
    "print(np.multiply(A,B,out=A))"
   ]
  },
  {
   "cell_type": "code",
   "execution_count": 96,
   "metadata": {},
   "outputs": [
    {
     "name": "stdout",
     "output_type": "stream",
     "text": [
      "[9. 3. 4. 5. 2. 4. 9. 9. 2. 5.]\n",
      "[9. 3. 4. 5. 2. 4. 9. 9. 2. 5.]\n",
      "[9. 3. 4. 5. 2. 4. 9. 9. 2. 5.]\n",
      "[9 3 4 5 2 4 9 9 2 5]\n",
      "[9. 3. 4. 5. 2. 4. 9. 9. 2. 5.]\n"
     ]
    }
   ],
   "source": [
    "Z = np.random.uniform(0,10,10)\n",
    "#提取数组的整数部分\n",
    "print (Z - Z%1)\n",
    "print (np.floor(Z))\n",
    "print (np.ceil(Z)-1)\n",
    "print (Z.astype(int))\n",
    "print (np.trunc(Z))"
   ]
  },
  {
   "cell_type": "code",
   "execution_count": 97,
   "metadata": {},
   "outputs": [
    {
     "name": "stdout",
     "output_type": "stream",
     "text": [
      "[[0. 1. 2. 3. 4.]\n",
      " [0. 1. 2. 3. 4.]\n",
      " [0. 1. 2. 3. 4.]\n",
      " [0. 1. 2. 3. 4.]\n",
      " [0. 1. 2. 3. 4.]]\n"
     ]
    }
   ],
   "source": [
    "Z = np.zeros((5,5))\n",
    "Z += np.arange(5)\n",
    "print (Z)"
   ]
  },
  {
   "cell_type": "code",
   "execution_count": 98,
   "metadata": {},
   "outputs": [
    {
     "name": "stdout",
     "output_type": "stream",
     "text": [
      "[0. 1. 2. 3. 4. 5. 6. 7. 8. 9.]\n"
     ]
    }
   ],
   "source": [
    "def generate():\n",
    "    for x in range(10):\n",
    "        yield x #一个函数包含 yield 表达式，那么它是一个生成器函数；调用它会返回一个特殊的迭代器，称为生成器\n",
    "Z = np.fromiter(generate(),dtype=float,count=-1) #从可迭代对象中创建新的一维数组\n",
    "print (Z)"
   ]
  },
  {
   "cell_type": "code",
   "execution_count": 101,
   "metadata": {},
   "outputs": [
    {
     "name": "stdout",
     "output_type": "stream",
     "text": [
      "[0.09090909 0.18181818 0.27272727 0.36363636 0.45454545 0.54545455\n",
      " 0.63636364 0.72727273 0.81818182 0.90909091]\n"
     ]
    }
   ],
   "source": [
    "Z = np.linspace(0,1,11,endpoint=False)[1:] #从左端点开始，在指定区间内返回均匀间隔的数字，可以排除又端点\n",
    "print (Z)"
   ]
  },
  {
   "cell_type": "code",
   "execution_count": 102,
   "metadata": {},
   "outputs": [
    {
     "name": "stdout",
     "output_type": "stream",
     "text": [
      "[0.38155231 0.40420585 0.41075454 0.46628593 0.51340006 0.55063056\n",
      " 0.57778423 0.58651851 0.60615486 0.8147026 ]\n"
     ]
    }
   ],
   "source": [
    "Z = np.random.random(10)\n",
    "Z.sort()\n",
    "print (Z)"
   ]
  },
  {
   "cell_type": "code",
   "execution_count": 103,
   "metadata": {},
   "outputs": [
    {
     "data": {
      "text/plain": [
       "45"
      ]
     },
     "execution_count": 103,
     "metadata": {},
     "output_type": "execute_result"
    }
   ],
   "source": [
    "Z = np.arange(10)\n",
    "np.add.reduce(Z)"
   ]
  },
  {
   "cell_type": "code",
   "execution_count": 104,
   "metadata": {},
   "outputs": [
    {
     "name": "stdout",
     "output_type": "stream",
     "text": [
      "False\n"
     ]
    }
   ],
   "source": [
    "A = np.random.randint(0,2,5)\n",
    "B = np.random.randint(0,2,5)\n",
    "# Assuming identical shape of the arrays and a tolerance for the comparison of values\n",
    "equal = np.allclose(A,B) #如果两个数组在容差范围内在元素方面相等，则返回True。\n",
    "print(equal)\n",
    "#方法2\n",
    "equal = np.array_equal(A,B)\n",
    "print(equal)"
   ]
  },
  {
   "cell_type": "code",
   "execution_count": 105,
   "metadata": {},
   "outputs": [
    {
     "ename": "ValueError",
     "evalue": "assignment destination is read-only",
     "output_type": "error",
     "traceback": [
      "\u001b[1;31m---------------------------------------------------------------------------\u001b[0m",
      "\u001b[1;31mValueError\u001b[0m                                Traceback (most recent call last)",
      "\u001b[1;32m<ipython-input-105-dcc5e7f145b5>\u001b[0m in \u001b[0;36m<module>\u001b[1;34m\u001b[0m\n\u001b[0;32m      1\u001b[0m \u001b[0mZ\u001b[0m \u001b[1;33m=\u001b[0m \u001b[0mnp\u001b[0m\u001b[1;33m.\u001b[0m\u001b[0mzeros\u001b[0m\u001b[1;33m(\u001b[0m\u001b[1;36m10\u001b[0m\u001b[1;33m)\u001b[0m\u001b[1;33m\u001b[0m\u001b[0m\n\u001b[0;32m      2\u001b[0m \u001b[0mZ\u001b[0m\u001b[1;33m.\u001b[0m\u001b[0mflags\u001b[0m\u001b[1;33m.\u001b[0m\u001b[0mwriteable\u001b[0m \u001b[1;33m=\u001b[0m \u001b[1;32mFalse\u001b[0m\u001b[1;33m\u001b[0m\u001b[0m\n\u001b[1;32m----> 3\u001b[1;33m \u001b[0mZ\u001b[0m\u001b[1;33m[\u001b[0m\u001b[1;36m0\u001b[0m\u001b[1;33m]\u001b[0m \u001b[1;33m=\u001b[0m \u001b[1;36m1\u001b[0m\u001b[1;33m\u001b[0m\u001b[0m\n\u001b[0m",
      "\u001b[1;31mValueError\u001b[0m: assignment destination is read-only"
     ]
    }
   ],
   "source": [
    "Z = np.zeros(10)\n",
    "Z.flags.writeable = False #数组只读，对其进行修改则报错\n",
    "Z[0] = 1"
   ]
  },
  {
   "cell_type": "code",
   "execution_count": 106,
   "metadata": {},
   "outputs": [
    {
     "name": "stdout",
     "output_type": "stream",
     "text": [
      "[1.11488395 0.24290407 1.26612227 0.71332222 0.66296704 0.70605411\n",
      " 1.03718499 0.7283857  0.90939409 1.13743945]\n",
      "[0.66238528 0.24224852 0.69531002 0.85492302 0.82803417 1.36761208\n",
      " 1.05359528 1.49215609 1.56798982 0.76390275]\n"
     ]
    }
   ],
   "source": [
    "Z = np.random.random((10,2))\n",
    "X,Y = Z[:,0], Z[:,1]\n",
    "R = np.sqrt(X**2+Y**2)\n",
    "T = np.arctan2(Y,X)\n",
    "print (R)\n",
    "print (T)"
   ]
  },
  {
   "cell_type": "code",
   "execution_count": 107,
   "metadata": {},
   "outputs": [
    {
     "name": "stdout",
     "output_type": "stream",
     "text": [
      "[0.         0.89916431 0.64467422 0.38275061 0.95556888 0.59153834\n",
      " 0.32987769 0.84918069 0.74245209 0.30910533]\n"
     ]
    }
   ],
   "source": [
    "Z = np.random.random(10)\n",
    "Z[Z.argmax()] = 0 #z.argmax()返回最大值的标签\n",
    "print (Z)"
   ]
  },
  {
   "cell_type": "code",
   "execution_count": 108,
   "metadata": {},
   "outputs": [
    {
     "name": "stdout",
     "output_type": "stream",
     "text": [
      "[[(0., 0.) (0., 0.) (0., 0.) (0., 0.) (0., 0.)]\n",
      " [(0., 0.) (0., 0.) (0., 0.) (0., 0.) (0., 0.)]\n",
      " [(0., 0.) (0., 0.) (0., 0.) (0., 0.) (0., 0.)]\n",
      " [(0., 0.) (0., 0.) (0., 0.) (0., 0.) (0., 0.)]\n",
      " [(0., 0.) (0., 0.) (0., 0.) (0., 0.) (0., 0.)]]\n",
      "[[(0.  , 0.  ) (0.25, 0.  ) (0.5 , 0.  ) (0.75, 0.  ) (1.  , 0.  )]\n",
      " [(0.  , 0.25) (0.25, 0.25) (0.5 , 0.25) (0.75, 0.25) (1.  , 0.25)]\n",
      " [(0.  , 0.5 ) (0.25, 0.5 ) (0.5 , 0.5 ) (0.75, 0.5 ) (1.  , 0.5 )]\n",
      " [(0.  , 0.75) (0.25, 0.75) (0.5 , 0.75) (0.75, 0.75) (1.  , 0.75)]\n",
      " [(0.  , 1.  ) (0.25, 1.  ) (0.5 , 1.  ) (0.75, 1.  ) (1.  , 1.  )]]\n"
     ]
    }
   ],
   "source": [
    "Z = np.zeros((5,5), [('x',float),('y',float)])\n",
    "print(Z)\n",
    "Z['x'], Z['y'] = np.meshgrid(np.linspace(0,1,5), np.linspace(0,1,5)) #从坐标向量返回坐标矩阵\n",
    "print(Z)"
   ]
  },
  {
   "cell_type": "code",
   "execution_count": 109,
   "metadata": {},
   "outputs": [
    {
     "name": "stdout",
     "output_type": "stream",
     "text": [
      "3638.1636371179666\n"
     ]
    }
   ],
   "source": [
    "X = np.arange(8)\n",
    "Y = X + 0.5\n",
    "C = 1.0 / np.subtract.outer(X, Y)\n",
    "print(np.linalg.det(C))"
   ]
  },
  {
   "cell_type": "code",
   "execution_count": 110,
   "metadata": {},
   "outputs": [
    {
     "name": "stdout",
     "output_type": "stream",
     "text": [
      "-128\n",
      "127\n",
      "-2147483648\n",
      "2147483647\n",
      "-9223372036854775808\n",
      "9223372036854775807\n",
      "-3.4028235e+38\n",
      "3.4028235e+38\n",
      "1.1920929e-07\n",
      "-1.7976931348623157e+308\n",
      "1.7976931348623157e+308\n",
      "2.220446049250313e-16\n"
     ]
    }
   ],
   "source": [
    " for dtype in [np.int8, np.int32, np.int64]:\n",
    "     print(np.iinfo(dtype).min)\n",
    "     print(np.iinfo(dtype).max)\n",
    "\n",
    " for dtype in [np.float32, np.float64]:\n",
    "     print(np.finfo(dtype).min)\n",
    "     print(np.finfo(dtype).max)\n",
    "     print(np.finfo(dtype).eps)"
   ]
  },
  {
   "cell_type": "code",
   "execution_count": 111,
   "metadata": {},
   "outputs": [
    {
     "name": "stdout",
     "output_type": "stream",
     "text": [
      "[[0. 0. 0. 0. 0. 0. 0. 0. 0. 0. 0. 0. 0. 0. 0. 0.]\n",
      " [0. 0. 0. 0. 0. 0. 0. 0. 0. 0. 0. 0. 0. 0. 0. 0.]\n",
      " [0. 0. 0. 0. 0. 0. 0. 0. 0. 0. 0. 0. 0. 0. 0. 0.]\n",
      " [0. 0. 0. 0. 0. 0. 0. 0. 0. 0. 0. 0. 0. 0. 0. 0.]\n",
      " [0. 0. 0. 0. 0. 0. 0. 0. 0. 0. 0. 0. 0. 0. 0. 0.]\n",
      " [0. 0. 0. 0. 0. 0. 0. 0. 0. 0. 0. 0. 0. 0. 0. 0.]\n",
      " [0. 0. 0. 0. 0. 0. 0. 0. 0. 0. 0. 0. 0. 0. 0. 0.]\n",
      " [0. 0. 0. 0. 0. 0. 0. 0. 0. 0. 0. 0. 0. 0. 0. 0.]\n",
      " [0. 0. 0. 0. 0. 0. 0. 0. 0. 0. 0. 0. 0. 0. 0. 0.]\n",
      " [0. 0. 0. 0. 0. 0. 0. 0. 0. 0. 0. 0. 0. 0. 0. 0.]\n",
      " [0. 0. 0. 0. 0. 0. 0. 0. 0. 0. 0. 0. 0. 0. 0. 0.]\n",
      " [0. 0. 0. 0. 0. 0. 0. 0. 0. 0. 0. 0. 0. 0. 0. 0.]\n",
      " [0. 0. 0. 0. 0. 0. 0. 0. 0. 0. 0. 0. 0. 0. 0. 0.]\n",
      " [0. 0. 0. 0. 0. 0. 0. 0. 0. 0. 0. 0. 0. 0. 0. 0.]\n",
      " [0. 0. 0. 0. 0. 0. 0. 0. 0. 0. 0. 0. 0. 0. 0. 0.]\n",
      " [0. 0. 0. 0. 0. 0. 0. 0. 0. 0. 0. 0. 0. 0. 0. 0.]]\n"
     ]
    }
   ],
   "source": [
    "np.set_printoptions(threshold=np.nan)\n",
    "Z = np.zeros((16,16))\n",
    "print (Z)"
   ]
  },
  {
   "cell_type": "code",
   "execution_count": 112,
   "metadata": {},
   "outputs": [
    {
     "name": "stdout",
     "output_type": "stream",
     "text": [
      "21\n"
     ]
    }
   ],
   "source": [
    " Z = np.arange(100)\n",
    " v = np.random.uniform(0,100)\n",
    " index = (np.abs(Z-v)).argmin()\n",
    " print (Z[index])"
   ]
  },
  {
   "cell_type": "code",
   "execution_count": 113,
   "metadata": {},
   "outputs": [
    {
     "name": "stdout",
     "output_type": "stream",
     "text": [
      "[((0., 0.), (0., 0., 0.)) ((0., 0.), (0., 0., 0.))\n",
      " ((0., 0.), (0., 0., 0.)) ((0., 0.), (0., 0., 0.))\n",
      " ((0., 0.), (0., 0., 0.)) ((0., 0.), (0., 0., 0.))\n",
      " ((0., 0.), (0., 0., 0.)) ((0., 0.), (0., 0., 0.))\n",
      " ((0., 0.), (0., 0., 0.)) ((0., 0.), (0., 0., 0.))]\n"
     ]
    }
   ],
   "source": [
    "Z = np.zeros(10, [ ('position', [ ('x', float, 1),\n",
    "                                  ('y', float, 1)]),\n",
    "                   ('color',    [ ('r', float, 1),\n",
    "                                  ('g', float, 1),\n",
    "                                  ('b', float, 1)])])\n",
    "print (Z)"
   ]
  },
  {
   "cell_type": "code",
   "execution_count": 115,
   "metadata": {},
   "outputs": [
    {
     "name": "stdout",
     "output_type": "stream",
     "text": [
      "[[0.         0.57274444 0.56200107 0.50564165 0.53927845 0.71488354\n",
      "  0.34645571 0.15471101 0.16857963 0.70380877]\n",
      " [0.57274444 0.         0.26807011 0.51232696 0.07098502 0.57108989\n",
      "  0.75271943 0.63556366 0.72449903 0.60689645]\n",
      " [0.56200107 0.26807011 0.         0.71302794 0.32056396 0.81671634\n",
      "  0.84244499 0.67923756 0.66979023 0.84499648]\n",
      " [0.50564165 0.51232696 0.71302794 0.         0.44149392 0.2159763\n",
      "  0.39432966 0.42495706 0.66025482 0.19829369]\n",
      " [0.53927845 0.07098502 0.32056396 0.44149392 0.         0.50435292\n",
      "  0.69399737 0.58773999 0.69773527 0.53846647]\n",
      " [0.71488354 0.57108989 0.81671634 0.2159763  0.50435292 0.\n",
      "  0.5960257  0.64092126 0.87352733 0.05582733]\n",
      " [0.34645571 0.75271943 0.84244499 0.39432966 0.69399737 0.5960257\n",
      "  0.         0.19174916 0.41537338 0.55981459]\n",
      " [0.15471101 0.63556366 0.67923756 0.42495706 0.58773999 0.64092126\n",
      "  0.19174916 0.         0.25178856 0.61924661]\n",
      " [0.16857963 0.72449903 0.66979023 0.66025482 0.69773527 0.87352733\n",
      "  0.41537338 0.25178856 0.         0.858129  ]\n",
      " [0.70380877 0.60689645 0.84499648 0.19829369 0.53846647 0.05582733\n",
      "  0.55981459 0.61924661 0.858129   0.        ]]\n",
      "[[0.         0.57274444 0.56200107 0.50564165 0.53927845 0.71488354\n",
      "  0.34645571 0.15471101 0.16857963 0.70380877]\n",
      " [0.57274444 0.         0.26807011 0.51232696 0.07098502 0.57108989\n",
      "  0.75271943 0.63556366 0.72449903 0.60689645]\n",
      " [0.56200107 0.26807011 0.         0.71302794 0.32056396 0.81671634\n",
      "  0.84244499 0.67923756 0.66979023 0.84499648]\n",
      " [0.50564165 0.51232696 0.71302794 0.         0.44149392 0.2159763\n",
      "  0.39432966 0.42495706 0.66025482 0.19829369]\n",
      " [0.53927845 0.07098502 0.32056396 0.44149392 0.         0.50435292\n",
      "  0.69399737 0.58773999 0.69773527 0.53846647]\n",
      " [0.71488354 0.57108989 0.81671634 0.2159763  0.50435292 0.\n",
      "  0.5960257  0.64092126 0.87352733 0.05582733]\n",
      " [0.34645571 0.75271943 0.84244499 0.39432966 0.69399737 0.5960257\n",
      "  0.         0.19174916 0.41537338 0.55981459]\n",
      " [0.15471101 0.63556366 0.67923756 0.42495706 0.58773999 0.64092126\n",
      "  0.19174916 0.         0.25178856 0.61924661]\n",
      " [0.16857963 0.72449903 0.66979023 0.66025482 0.69773527 0.87352733\n",
      "  0.41537338 0.25178856 0.         0.858129  ]\n",
      " [0.70380877 0.60689645 0.84499648 0.19829369 0.53846647 0.05582733\n",
      "  0.55981459 0.61924661 0.858129   0.        ]]\n"
     ]
    }
   ],
   "source": [
    "Z = np.random.random((10,2))\n",
    "X,Y = np.atleast_2d(Z[:,0], Z[:,1])\n",
    "D = np.sqrt( (X-X.T)**2 + (Y-Y.T)**2)\n",
    "print (D)\n",
    "# 方法2\n",
    "# Much faster with scipy\n",
    "import scipy\n",
    "# Thanks Gavin Heverly-Coulson (#issue 1)\n",
    "import scipy.spatial\n",
    "D = scipy.spatial.distance.cdist(Z,Z)\n",
    "print (D)"
   ]
  },
  {
   "cell_type": "code",
   "execution_count": 116,
   "metadata": {},
   "outputs": [
    {
     "name": "stdout",
     "output_type": "stream",
     "text": [
      "[0. 1. 2. 3. 4. 5. 6. 7. 8. 9.]\n"
     ]
    }
   ],
   "source": [
    "Z = np.arange(10, dtype=np.int32)\n",
    "Z = Z.astype(np.float32, copy=False)\n",
    "print (Z)"
   ]
  },
  {
   "cell_type": "code",
   "execution_count": 118,
   "metadata": {},
   "outputs": [],
   "source": [
    "#Z = np.genfromtxt()#从文本文件加载数据，并按指定处理缺失值。\n",
    "np.genfromtxt?"
   ]
  },
  {
   "cell_type": "code",
   "execution_count": 119,
   "metadata": {},
   "outputs": [
    {
     "name": "stdout",
     "output_type": "stream",
     "text": [
      "(0, 0) 0\n",
      "(0, 1) 1\n",
      "(0, 2) 2\n",
      "(1, 0) 3\n",
      "(1, 1) 4\n",
      "(1, 2) 5\n",
      "(2, 0) 6\n",
      "(2, 1) 7\n",
      "(2, 2) 8\n",
      "(0, 0) 0\n",
      "(0, 1) 1\n",
      "(0, 2) 2\n",
      "(1, 0) 3\n",
      "(1, 1) 4\n",
      "(1, 2) 5\n",
      "(2, 0) 6\n",
      "(2, 1) 7\n",
      "(2, 2) 8\n"
     ]
    }
   ],
   "source": [
    "Z = np.arange(9).reshape(3,3)\n",
    "for index, value in np.ndenumerate(Z): #np.ndenumerate() 返回一个迭代器，产生一对数组坐标和值。\n",
    "    print (index, value)\n",
    "for index in np.ndindex(Z.shape):\n",
    "    print (index, Z[index])"
   ]
  },
  {
   "cell_type": "code",
   "execution_count": 120,
   "metadata": {},
   "outputs": [
    {
     "name": "stdout",
     "output_type": "stream",
     "text": [
      "[[0.36787944 0.44822088 0.51979489 0.57375342 0.60279818 0.60279818\n",
      "  0.57375342 0.51979489 0.44822088 0.36787944]\n",
      " [0.44822088 0.54610814 0.63331324 0.69905581 0.73444367 0.73444367\n",
      "  0.69905581 0.63331324 0.54610814 0.44822088]\n",
      " [0.51979489 0.63331324 0.73444367 0.81068432 0.85172308 0.85172308\n",
      "  0.81068432 0.73444367 0.63331324 0.51979489]\n",
      " [0.57375342 0.69905581 0.81068432 0.89483932 0.9401382  0.9401382\n",
      "  0.89483932 0.81068432 0.69905581 0.57375342]\n",
      " [0.60279818 0.73444367 0.85172308 0.9401382  0.98773022 0.98773022\n",
      "  0.9401382  0.85172308 0.73444367 0.60279818]\n",
      " [0.60279818 0.73444367 0.85172308 0.9401382  0.98773022 0.98773022\n",
      "  0.9401382  0.85172308 0.73444367 0.60279818]\n",
      " [0.57375342 0.69905581 0.81068432 0.89483932 0.9401382  0.9401382\n",
      "  0.89483932 0.81068432 0.69905581 0.57375342]\n",
      " [0.51979489 0.63331324 0.73444367 0.81068432 0.85172308 0.85172308\n",
      "  0.81068432 0.73444367 0.63331324 0.51979489]\n",
      " [0.44822088 0.54610814 0.63331324 0.69905581 0.73444367 0.73444367\n",
      "  0.69905581 0.63331324 0.54610814 0.44822088]\n",
      " [0.36787944 0.44822088 0.51979489 0.57375342 0.60279818 0.60279818\n",
      "  0.57375342 0.51979489 0.44822088 0.36787944]]\n"
     ]
    }
   ],
   "source": [
    "X, Y = np.meshgrid(np.linspace(-1,1,10), np.linspace(-1,1,10))\n",
    "D = np.sqrt(X*X+Y*Y)\n",
    "sigma, mu = 1.0, 0.0\n",
    "G = np.exp(-( (D-mu)**2 / ( 2.0 * sigma**2 ) ) )\n",
    "print (G)"
   ]
  },
  {
   "cell_type": "code",
   "execution_count": 121,
   "metadata": {},
   "outputs": [
    {
     "name": "stdout",
     "output_type": "stream",
     "text": [
      "[[0. 0. 0. 0. 0. 0. 0. 0. 0. 0.]\n",
      " [0. 0. 0. 0. 0. 0. 0. 0. 0. 0.]\n",
      " [0. 0. 0. 0. 0. 0. 0. 0. 0. 0.]\n",
      " [0. 0. 0. 0. 0. 0. 0. 0. 0. 0.]\n",
      " [0. 0. 0. 0. 0. 0. 0. 0. 0. 0.]\n",
      " [1. 0. 0. 0. 0. 1. 0. 0. 0. 0.]\n",
      " [0. 0. 0. 0. 0. 0. 0. 0. 0. 0.]\n",
      " [0. 0. 0. 0. 0. 0. 0. 0. 0. 0.]\n",
      " [0. 0. 0. 0. 0. 0. 0. 0. 0. 0.]\n",
      " [0. 1. 0. 0. 0. 0. 0. 0. 0. 0.]]\n"
     ]
    }
   ],
   "source": [
    "n = 10\n",
    "p = 3\n",
    "Z = np.zeros((n,n))\n",
    "np.put(Z, np.random.choice(range(n*n), p, replace=False),1) #在数组内随机放p个元素\n",
    "print (Z)"
   ]
  },
  {
   "cell_type": "code",
   "execution_count": 123,
   "metadata": {},
   "outputs": [
    {
     "name": "stdout",
     "output_type": "stream",
     "text": [
      "[[ 0.25975529  0.23601487 -0.27163836 -0.13867382 -0.11919199 -0.18365993\n",
      "  -0.30919501 -0.16541174  0.08188461  0.61011608]\n",
      " [ 0.27467242 -0.49833345  0.10343242 -0.17751452  0.45182795  0.11135463\n",
      "  -0.46443048  0.10703252  0.17298132 -0.08102281]\n",
      " [-0.17396005 -0.44941165  0.11853608 -0.24127509  0.23986035  0.42555739\n",
      "  -0.03771728 -0.30772417  0.22141028  0.20472415]\n",
      " [ 0.37005306 -0.24695445  0.455298   -0.30436386  0.25751657 -0.27976932\n",
      "   0.22915093 -0.10337179 -0.06537949 -0.31217964]\n",
      " [ 0.06399363 -0.36492151  0.2672365   0.26494206  0.15719819 -0.5127974\n",
      "  -0.48811931  0.08601811  0.30632382  0.22012591]]\n"
     ]
    }
   ],
   "source": [
    "X = np.random.rand(5, 10)\n",
    "# Recent versions of numpy\n",
    "Y = X - X.mean(axis=1, keepdims=True)\n",
    "print(Y)"
   ]
  },
  {
   "cell_type": "code",
   "execution_count": 124,
   "metadata": {},
   "outputs": [
    {
     "name": "stdout",
     "output_type": "stream",
     "text": [
      "[[7 9 2]\n",
      " [9 1 9]\n",
      " [9 5 8]]\n",
      "[[9 1 9]\n",
      " [9 5 8]\n",
      " [7 9 2]]\n"
     ]
    }
   ],
   "source": [
    "Z = np.random.randint(0,10,(3,3))\n",
    "print (Z)\n",
    "print (Z[Z[:,1].argsort()])"
   ]
  },
  {
   "cell_type": "code",
   "execution_count": 128,
   "metadata": {},
   "outputs": [
    {
     "name": "stdout",
     "output_type": "stream",
     "text": [
      "True\n"
     ]
    }
   ],
   "source": [
    "Z = np.random.randint(0,3,(3,10))\n",
    "print ((~Z.any(axis=0)).any())"
   ]
  },
  {
   "cell_type": "code",
   "execution_count": 129,
   "metadata": {},
   "outputs": [
    {
     "name": "stdout",
     "output_type": "stream",
     "text": [
      "0.4916747927651327\n"
     ]
    }
   ],
   "source": [
    "Z = np.random.uniform(0,1,10)\n",
    "z = 0.5\n",
    "m = Z.flat[np.abs(Z - z).argmin()]\n",
    "print (m)"
   ]
  },
  {
   "cell_type": "code",
   "execution_count": 130,
   "metadata": {},
   "outputs": [
    {
     "name": "stdout",
     "output_type": "stream",
     "text": [
      "[[0 1 2]\n",
      " [1 2 3]\n",
      " [2 3 4]]\n"
     ]
    }
   ],
   "source": [
    "A = np.arange(3).reshape(3,1)\n",
    "B = np.arange(3).reshape(1,3)\n",
    "it = np.nditer([A,B,None])\n",
    "for x,y,z in it: \n",
    "    z[...] = x + y\n",
    "print (it.operands[2])"
   ]
  },
  {
   "cell_type": "code",
   "execution_count": 132,
   "metadata": {},
   "outputs": [
    {
     "name": "stdout",
     "output_type": "stream",
     "text": [
      "range_10\n"
     ]
    }
   ],
   "source": [
    "class NamedArray(np.ndarray):\n",
    "    def __new__(cls, array, name=\"no name\"):\n",
    "        obj = np.asarray(array).view(cls)\n",
    "        obj.name = name\n",
    "        return obj\n",
    "    def __array_finalize__(self, obj):\n",
    "        if obj is None: return\n",
    "        self.info = getattr(obj, 'name', \"no name\")\n",
    "\n",
    "Z = NamedArray(np.arange(10), \"range_10\")\n",
    "print (Z.name)"
   ]
  },
  {
   "cell_type": "code",
   "execution_count": 134,
   "metadata": {},
   "outputs": [
    {
     "name": "stdout",
     "output_type": "stream",
     "text": [
      "[3. 4. 1. 4. 4. 3. 2. 3. 4. 2.]\n"
     ]
    }
   ],
   "source": [
    "Z = np.ones(10)\n",
    "I = np.random.randint(0,len(Z),20)\n",
    "Z += np.bincount(I, minlength=len(Z))\n",
    "print(Z)"
   ]
  },
  {
   "cell_type": "code",
   "execution_count": 135,
   "metadata": {},
   "outputs": [
    {
     "name": "stdout",
     "output_type": "stream",
     "text": [
      "[0. 7. 0. 6. 5. 0. 0. 0. 0. 3.]\n"
     ]
    }
   ],
   "source": [
    "X = [1,2,3,4,5,6]\n",
    "I = [1,3,9,3,4,1]\n",
    "F = np.bincount(I,X)\n",
    "print (F)"
   ]
  },
  {
   "cell_type": "code",
   "execution_count": 136,
   "metadata": {},
   "outputs": [
    {
     "name": "stdout",
     "output_type": "stream",
     "text": [
      "8\n"
     ]
    }
   ],
   "source": [
    "w,h = 16,16\n",
